,q1,q2,q3,q4,q5,q6,q7,q8,q9
q1,1.0,0.6030381868560016,0.6188709474671793,0.5716818824746198,0.518595020032176,0.48098542545061823,0.6305958922258575,0.511683330166317,0.4575410219534037
q2,0.6030381868560016,1.0,0.5645206147602251,0.537300932377387,0.47137622707521665,0.5418538050945448,0.5649276517860489,0.5486506144042169,0.42937483908823204
q3,0.6188709474671793,0.5645206147602251,1.0,0.5826470100557899,0.5214982523121388,0.5318124057093933,0.5621443200427874,0.4900424636998433,0.37945646703342906
q4,0.5716818824746198,0.537300932377387,0.5826470100557899,1.0,0.5266457968098316,0.4859810017041204,0.5679430741210092,0.5495486798400093,0.45505765510509855
q5,0.518595020032176,0.47137622707521665,0.5214982523121388,0.5266457968098316,1.0,0.5221226728385048,0.5274887195270145,0.5158944135020148,0.45188947493794684
q6,0.48098542545061823,0.5418538050945448,0.5318124057093933,0.4859810017041204,0.5221226728385048,1.0,0.49527163343653,0.47668067505506595,0.4343872665136222
q7,0.6305958922258575,0.5649276517860489,0.5621443200427874,0.5679430741210092,0.5274887195270145,0.49527163343653,1.0,0.5487348794763889,0.44542851431456626
q8,0.511683330166317,0.5486506144042169,0.4900424636998433,0.5495486798400093,0.5158944135020148,0.47668067505506595,0.5487348794763889,1.0,0.4924808994973231
q9,0.4575410219534037,0.42937483908823204,0.37945646703342906,0.45505765510509855,0.45188947493794684,0.4343872665136222,0.44542851431456626,0.4924808994973231,1.0