,q1,q2,q3,q4,q5,q6,q7,q8,q9
q1,0.0,0.028087838311057878,0.04388111456978572,-0.005056414333133641,-0.022492030497501814,-0.047289535889801726,0.04265320810113915,-0.041010461635597295,-0.007998187537507861
q2,0.028087838311057878,0.0,0.010082405676824835,-0.018823245993890958,-0.05037097277036473,0.03246075723268482,-0.002000440119824143,0.015711528239801265,-0.01952479495851961
q3,0.04388111456978572,0.010082405676824835,0.0,0.026484640207421473,-0.00028477819322125786,0.02238437560134765,-0.0048227052921220315,-0.04293322172008307,-0.06947399491247969
q4,-0.005056414333133641,-0.018823245993890958,0.026484640207421473,0.0,0.003276096861501321,-0.02499612801335882,-0.0007480188850916836,0.014952289674121988,0.004762058219293042
q5,-0.022492030497501814,-0.05037097277036473,-0.00028477819322125786,0.003276096861501321,0.0,0.042731743647075326,-0.006048567454537301,0.014344255345803414,0.029429031901583358
q6,-0.047289535889801726,0.03246075723268482,0.02238437560134765,-0.02499612801335882,0.042731743647075326,0.0,-0.025632330866331432,-0.012993565255960848,0.021930021428155477
q7,0.04265320810113915,-0.002000440119824143,-0.0048227052921220315,-0.0007480188850916836,-0.006048567454537301,-0.025632330866331432,0.0,0.003752799567296461,-0.01361504729381463
q8,-0.041010461635597295,0.015711528239801265,-0.04293322172008307,0.014952289674121988,0.014344255345803414,-0.012993565255960848,0.003752799567296461,0.0,0.06095834888459556
q9,-0.007998187537507861,-0.01952479495851961,-0.06947399491247969,0.004762058219293042,0.029429031901583358,0.021930021428155477,-0.01361504729381463,0.06095834888459556,0.0