,q1,q2,q3,q4,q5,q6,q7,q8,q9
q1,0.0,-0.02967662543112204,0.06276558227473006,-0.011841734256647474,-0.0027328046814059093,-0.01864713998891432,-0.005891128627808717,-0.028123734970408765,0.037951049809878346
q2,-0.02967662543112204,0.0,-0.01148818787261896,-0.04049010105465345,0.03745305794791032,0.045950136386394114,0.07824203870283009,-0.02158721391492585,-0.09255989367336559
q3,0.06276558227473006,-0.01148818787261896,0.0,-0.033923100453717825,0.02686934554094389,-0.038779384372213954,-0.05548209216957861,-0.03302476037142499,0.12896746594540465
q4,-0.011841734256647474,-0.04049010105465345,-0.033923100453717825,0.0,0.009491344646873956,0.042017061500035036,-0.003131645430501373,0.03276274724914541,0.02312424686100395
q5,-0.0027328046814059093,0.03745305794791032,0.02686934554094389,0.009491344646873956,0.0,0.003188882077756583,-0.05697625151852376,-0.009652412468359517,-0.038838837916532865
q6,-0.01864713998891432,0.045950136386394114,-0.038779384372213954,0.042017061500035036,0.003188882077756583,0.0,0.016029999178329146,-0.027695892723660354,-0.026275711568284177
q7,-0.005891128627808717,0.07824203870283009,-0.05548209216957861,-0.003131645430501373,-0.05697625151852376,0.016029999178329146,0.0,0.09948796079929478,-0.09793111952434441
q8,-0.028123734970408765,-0.02158721391492585,-0.03302476037142499,0.03276274724914541,-0.009652412468359517,-0.027695892723660354,0.09948796079929478,0.0,0.027286499403520348
q9,0.037951049809878346,-0.09255989367336559,0.12896746594540465,0.02312424686100395,-0.038838837916532865,-0.026275711568284177,-0.09793111952434441,0.027286499403520348,0.0